DATAFMT--: 厂站代码	装置类型	组号	序号	位号	定值类型	描述	单位	最小值	最大值	步长	精度n	精度m
xy	0	4	1	0	3	保信子站型号	0	0	0	0	0	0
xy	0	4	2	0	3	保信子站版本号	0	0	0	0	0	0
xy	0	4	3	0	3	出厂日期	0	0	0	0	0	0
xy	0	4	4	0	3	投运日期	0	0	0	0	0	0
xy	0	4	5	0	3	装置名称	0	0	0	0	0	0
xy	0	4	6	0	3	所属调度	0	0	0	0	0	0
xy	0	4	7	0	3	厂站名称	0	0	0	0	0	0
xy	0	4	8	0	3	子站厂家名称	0	0	0	0	0	0
xy	1	3	1	0	0	标准第1轮频率定值	无	0	0	0	4	3
xy	1	3	2	0	1	标准第1轮频率延时定值	无	0	0	0	0	0
xy	1	3	3	0	0	标准第2轮频率定值	无	0	0	0	4	3
xy	1	3	4	0	1	标准第2轮频率延时定值	无	0	0	0	0	0
xy	1	3	5	0	0	标准第3轮频率定值	无	0	0	0	4	3
xy	1	3	6	0	1	标准第3轮频率延时定值	无	0	0	0	0	0
xy	1	3	7	0	0	标准第4轮频率定值	无	0	0	0	4	3
xy	1	3	8	0	1	标准第4轮频率延时定值	无	0	0	0	0	0
xy	1	3	9	0	0	标准第5轮频率定值	无	0	0	0	4	3
xy	1	3	10	0	1	标准第5轮频率延时定值	无	0	0	0	0	0
xy	1	3	11	0	0	标准第6轮频率定值	无	0	0	0	4	3
xy	1	3	12	0	1	标准第6轮频率延时定值	无	0	0	0	0	0
xy	1	3	13	0	0	低频滑差闭锁定值	无	0	0	0	4	3
xy	1	3	14	0	0	特殊第1轮频率定值	无	0	0	0	4	3
xy	1	3	15	0	1	特殊第1轮频率延时定值	无	0	0	0	0	0
xy	1	3	16	0	0	特殊第2轮频率定值	无	0	0	0	4	3
xy	1	3	17	0	1	特殊第2轮频率延时定值	无	0	0	0	0	0
xy	1	3	18	0	0	3U0报警定值	无	0	0	0	4	3
xy	1	3	19	0	1	3U0报警时间	无	0	0	0	0	0
xy	1	3	20	0	0	标准第1轮低压定值	无	0	0	0	4	3
xy	1	3	21	0	1	标准第1轮低压延时定值	无	0	0	0	0	0
xy	1	3	22	0	0	标准第2轮低压定值	无	0	0	0	4	3
xy	1	3	23	0	1	标准第2轮低压延时定值	无	0	0	0	0	0
xy	1	3	24	0	0	特殊第1轮低压定值	无	0	0	0	4	3
xy	1	3	25	0	1	特殊第1轮低压延时定值	无	0	0	0	0	0
xy	1	3	26	0	0	特殊第2轮低压定值	无	0	0	0	4	3
xy	1	3	27	0	1	特殊第2轮低压延时定值	无	0	0	0	0	0
xy	1	3	28	0	2	频率滑差闭锁投退	0	0	0	0	0	0
xy	1	3	29	0	2	标准第1轮低频投退	0	0	0	0	0	0
xy	1	3	30	0	2	标准第2轮低频投退	0	0	0	0	0	0
xy	1	3	31	0	2	标准第3轮低频投退	0	0	0	0	0	0
xy	1	3	32	0	2	标准第4轮低频投退	0	0	0	0	0	0
xy	1	3	33	0	2	标准第5轮低频投退	0	0	0	0	0	0
xy	1	3	34	0	2	标准第6轮低频投退	0	0	0	0	0	0
xy	1	3	35	0	2	特殊第1轮低频投退	0	0	0	0	0	0
xy	1	3	36	0	2	特殊第2轮低频投退	0	0	0	0	0	0
xy	1	3	37	0	2	标准第1轮低压投退	0	0	0	0	0	0
xy	1	3	38	0	2	标准第2轮低压投退	0	0	0	0	0	0
xy	1	3	39	0	2	特殊第1轮低压投退	0	0	0	0	0	0
xy	1	3	40	0	2	特殊第2轮低压投退	0	0	0	0	0	0
xy	1	3	41	0	2	3U0报警投入	0	0	0	0	0	0
xy	1	3	42	0	1	标准第1轮频率出口矩阵	无	0	0	0	0	0
xy	1	3	43	0	1	标准第2轮频率出口矩阵	无	0	0	0	0	0
xy	1	3	44	0	1	标准第3轮频率出口矩阵	无	0	0	0	0	0
xy	1	3	45	0	1	标准第4轮频率出口矩阵	无	0	0	0	0	0
xy	1	3	46	0	1	标准第5轮频率出口矩阵	无	0	0	0	0	0
xy	1	3	47	0	1	标准第6轮频率出口矩阵	无	0	0	0	0	0
xy	1	3	48	0	1	特殊第1轮频率出口矩阵	无	0	0	0	0	0
xy	1	3	49	0	1	特殊第2轮频率出口矩阵	无	0	0	0	0	0
xy	1	3	50	0	1	标准第1轮低压出口矩阵	无	0	0	0	0	0
xy	1	3	51	0	1	标准第2轮低压出口矩阵	无	0	0	0	0	0
xy	1	3	52	0	1	特殊第1轮低压出口矩阵	无	0	0	0	0	0
xy	1	3	53	0	1	特殊第2轮低压出口矩阵	无	0	0	0	0	0
xy	1	10	1	0	3	程序版本	0	0	0	0	0	0
xy	1	10	2	0	3	装置识别代码	0	0	0	0	0	0
xy	1	10	3	0	3	实物ID	0	0	0	0	0	0
xy	1	10	4	0	3	制造厂家	0	0	0	0	0	0
xy	1	10	5	0	3	出厂日期	0	0	0	0	0	0
xy	1	10	6	0	3	投运日期	0	0	0	0	0	0
xy	1	10	7	0	3	上次检修日期	0	0	0	0	0	0
xy	1	10	8	0	3	备用1	0	0	0	0	0	0
xy	1	10	9	0	3	备用2	0	0	0	0	0	0
xy	1	10	10	0	3	备用3	0	0	0	0	0	0
xy	1	10	11	0	1	定值区号	无	0	0	0	0	0
xy	1	10	12	0	3	被保护设备	0	0	0	0	0	0
xy	1	10	13	0	0	PT一次额定值	无	0	0	0	4	3
xy	1	11	1	0	2	定值区号组	"	1	16	0	0	0
xy	1	12	1	0	1	标准轮低频软压板	0.000	0	0	0	0	0
xy	1	12	2	0	1	特殊轮低频软压板	0.000	0	0	0	0	0
xy	1	12	3	0	1	标准轮低压软压板	0.000	0	0	0	0	0
xy	1	12	4	0	1	特殊轮低压软压板	0.000	0	0	0	0	0
xy	1	12	5	0	1	远方投退软压板	0.000	0	0	0	0	0
xy	1	12	6	0	1	远方切换定值区	0.000	0	0	0	0	0
xy	1	12	7	0	1	远方修改定值	0.000	0	0	0	0	0
xy	2	1	1	0	0	低电压定值	V	0	65535	0	4	3
xy	2	1	2	0	0	过流I段定值	A	0	65535	0	4	3
xy	2	1	3	0	0	过流II段定值	A	0	65535	0	4	3
xy	2	1	4	0	0	过流III段/反时限定值	A	0	65535	0	4	3
xy	2	1	5	0	0	零流I段定值	A	0	65535	0	4	3
xy	2	1	6	0	0	零流II段/反时限定值	A	0	65535	0	4	3
xy	2	1	7	0	0	过流加速定值	A	0	65535	0	4	3
xy	2	1	8	0	0	零序加速定值	A	0	65535	0	4	3
xy	2	1	9	0	0	低周I段定值	HZ	0	65535	0	4	3
xy	2	1	10	0	0	低周II段定值	HZ	0	65535	0	4	3
xy	2	1	11	0	0	电压闭锁频率定值	V	0	65535	0	4	3
xy	2	1	12	0	0	闭锁频率定值	HZ	0	65535	0	4	3
xy	2	1	13	0	0	DF/DT定值	HZ/S	0	65535	0	4	3
xy	2	1	14	0	0	3U0报警定值	V	0	65535	0	4	3
xy	2	1	15	0	0	过流I段时间	S	0	65535	0	4	3
xy	2	1	16	0	0	过流II段时间	S	0	65535	0	4	3
xy	2	1	17	0	0	过流III段/反时限时间	S	0	65535	0	4	3
xy	2	1	18	0	0	零流I段时间	S	0	65535	0	4	3
xy	2	1	19	0	0	零流II段/反时限时间	S	0	65535	0	4	3
xy	2	1	20	0	0	零流FSX最小延时	S	0	65535	0	4	3
xy	2	1	21	0	0	过流加速时间	S	0	65535	0	4	3
xy	2	1	22	0	0	零序加速时间	S	0	65535	0	4	3
xy	2	1	23	0	0	低周I段时间	S	0	65535	0	4	3
xy	2	1	24	0	0	低周II段时间	S	0	65535	0	4	3
xy	2	1	25	0	0	重合闸时间	S	0	65535	0	4	3
xy	2	1	26	0	0	3U0报警时间	S	0	65535	0	4	3
xy	2	1	27	0	0	弹簧未储能报警时间	S	0	65535	0	4	3
xy	2	1	28	0	0	间隙接地时间	S	0	65535	0	4	3
xy	2	1	29	0	0	过流III段反时限特性	0	0	65535	0	4	3
xy	2	1	30	0	0	零流II段反时限特性	0	0	65535	0	4	3
xy	2	1	31	0	1	过流I段投入	0	0	1	0	0	0
xy	2	1	32	0	1	过流I段经低压	0	0	1	0	0	0
xy	2	1	33	0	1	过流II段投入	0	0	1	0	0	0
xy	2	1	34	0	1	过流II段经低压	0	0	1	0	0	0
xy	2	1	35	0	1	过流III段投入	0	0	1	0	0	0
xy	2	1	36	0	1	过流III段投反时限	0	0	1	0	0	0
xy	2	1	37	0	1	零流I段投入	0	0	1	0	0	0
xy	2	1	38	0	1	零流II段投入	0	0	1	0	0	0
xy	2	1	39	0	1	零流II段投反时限	0	0	1	0	0	0
xy	2	1	40	0	1	零流FSX最小时间	0	0	1	0	0	0
xy	2	1	41	0	1	零流FSX重合	0	0	1	0	0	0
xy	2	1	42	0	1	过流加速段投入	0	0	1	0	0	0
xy	2	1	43	0	1	零序加速段投入	0	0	1	0	0	0
xy	2	1	44	0	1	低周I段投入	0	0	1	0	0	0
xy	2	1	45	0	1	低周II段投入	0	0	1	0	0	0
xy	2	1	46	0	1	低周联跳投入	0	0	1	0	0	0
xy	2	1	47	0	1	重合闸投入	0	0	1	0	0	0
xy	2	1	48	0	1	投重合闸纵联启动	0	0	1	0	0	0
xy	2	1	49	0	1	3U0报警投入	0	0	1	0	0	0
xy	2	1	50	0	1	投弹簧未储能报警	0	0	1	0	0	0
xy	2	1	51	0	1	PT断线检测投入	0	0	1	0	0	0
xy	2	1	52	0	1	间隙接地投入	0	0	1	0	0	0
xy	2	1	53	0	1	间隙接地3U0闭锁	0	0	1	0	0	0
xy	2	11	1	0	2	定值区号组	无	1	16	0	0	0
xy	111	8	1	0	3	程序版本	0	0	0	0	0	0
xy	111	8	2	0	3	装置识别代码	0	0	0	0	0	0
xy	111	8	3	0	3	实物ID	0	0	0	0	0	0
xy	111	8	4	0	3	制造厂家	0	0	0	0	0	0
xy	111	8	5	0	3	出厂日期	0	0	0	0	0	0
xy	111	8	6	0	3	投运日期	0	0	0	0	0	0
xy	111	8	7	0	3	上次检修日期	0	0	0	0	0	0
xy	111	8	8	0	3	备用1	0	0	0	0	0	0
xy	111	8	9	0	3	备用2	0	0	0	0	0	0
xy	111	8	10	0	3	备用3	0	0	0	0	0	0
xy	111	15	1	0	1	纵联差动保护软压板	0.000	0	0	0	0	0
xy	111	15	2	0	1	停用重合闸软压板	0.000	0	0	0	0	0
xy	111	15	3	0	1	低频减载软压板	0.000	0	0	0	0	0
xy	111	15	4	0	1	前加速保护软压板	0.000	0	0	0	0	0
xy	111	15	5	0	1	远方投退压板软压板	0.000	0	0	0	0	0
xy	111	15	6	0	1	远方切换定值区软压板	0.000	0	0	0	0	0
xy	111	15	7	0	1	远方修改定值软压板	0.000	0	0	0	0	0
xy	111	16	1	0	1	定值区号	0	1	30	1	0	0
xy	111	16	2	0	3	被保护设备	0	0	0	0	0	0
xy	111	16	3	0	0	PT一次值	V	1	75	0.00994873	4	3
xy	111	16	4	0	0	保护CT一次值	A	1	9999	1	4	3
xy	111	16	5	0	0	保护CT二次值	A	1	5	1	4	3
xy	111	17	1	0	0	变化量启动电流定值	A	0.04	3	0.00994873	4	3
xy	111	17	2	0	0	零序电流启动定值	A	0.04	3	0.00994873	4	3
xy	111	17	3	0	0	分相差动定值	A	0.08	20	0.00994873	4	3
xy	111	17	4	0	1	本侧识别码	0	0	65535	1	0	0
xy	111	17	5	0	1	对侧识别码	0	0	65535	1	0	0
xy	111	17	6	0	0	过流低压闭锁定值	V	10	100	0.00994873	4	3
xy	111	17	7	0	0	过流Ⅰ段定值	A	0.04	20	0.00994873	4	3
xy	111	17	8	0	1	过流Ⅰ段时间	0	0	34464	10	0	0
xy	111	17	9	0	0	过流Ⅱ段定值	A	0.04	20	0.00994873	4	3
xy	111	17	10	0	1	过流Ⅱ段时间	0	100	34464	10	0	0
xy	111	17	11	0	0	过流Ⅲ段定值	A	0.04	20	0.00994873	4	3
xy	111	17	12	0	1	过流Ⅲ段时间	0	100	34464	10	0	0
xy	111	17	13	0	0	过流反时限定值	A	0.04	20	0.00994873	4	3
xy	111	17	14	0	1	过流反时限时间	0	0	34464	10	0	0
xy	111	17	15	0	1	过流反时限特性	0	1	3	1	0	0
xy	111	17	16	0	0	PT断线相过流定值	A	0.04	20	0.00994873	4	3
xy	111	17	17	0	1	PT断线相过流时间	0	0	34464	10	0	0
xy	111	17	18	0	0	过流前加速段定值	A	0.04	20	0.00994873	4	3
xy	111	17	19	0	1	过流前加速段时间	0	0	34464	10	0	0
xy	111	17	20	0	0	零序过流Ⅰ段定值	A	0.04	30	0.00994873	4	3
xy	111	17	21	0	1	零序过流Ⅰ段时间	0	0	34464	10	0	0
xy	111	17	22	0	0	零序过流Ⅱ段定值	A	0.04	30	0.00994873	4	3
xy	111	17	23	0	1	零序过流Ⅱ段时间	0	100	34464	10	0	0
xy	111	17	24	0	0	零序过流反时限定值	A	0.04	30	0.00994873	4	3
xy	111	17	25	0	1	零序过流反时限时间	0	0	34464	10	0	0
xy	111	17	26	0	1	零序过流反时限特性	0	1	3	1	0	0
xy	111	17	27	0	1	零流反时限最小延时	0	0	34464	10	0	0
xy	111	17	28	0	1	间歇性接地跳闸时间	0	0	34464	10	0	0
xy	111	17	29	0	0	零序过流前加速段定值	A	0.04	30	0.00994873	4	3
xy	111	17	30	0	1	零序过流前加速段时间	0	0	34464	10	0	0
xy	111	17	31	0	0	低频减载频率	Hz	45	50	0.00994873	4	3
xy	111	17	32	0	1	低频减载时间	0	100	34464	10	0	0
xy	111	17	33	0	0	低频频率滑差闭锁定值	Hz	0.5	20	0.00994873	4	3
xy	111	17	34	0	0	低频电压闭锁定值	V	30	100	0.00994873	4	3
xy	111	17	35	0	0	同期合闸角	deg	10	50	0.00994873	4	3
xy	111	17	36	0	1	重合闸时间	0	100	10000	10	0	0
xy	111	17	37	0	1	分相差动保护	0	0	0	0	0	0
xy	111	17	38	0	1	零序差动保护	0	0	0	0	0	0
xy	111	17	39	0	1	过流保护Ⅰ段	0	0	0	0	0	0
xy	111	17	40	0	1	过流保护Ⅱ段	0	0	0	0	0	0
xy	111	17	41	0	1	过流保护Ⅲ段	0	0	0	0	0	0
xy	111	17	42	0	1	过流反时限	0	0	0	0	0	0
xy	111	17	43	0	1	过流Ⅰ段经电压	0	0	0	0	0	0
xy	111	17	44	0	1	过流Ⅱ段经电压	0	0	0	0	0	0
xy	111	17	45	0	1	过流Ⅲ段经电压	0	0	0	0	0	0
xy	111	17	46	0	1	过流Ⅰ段经方向	0	0	0	0	0	0
xy	111	17	47	0	1	过流Ⅱ段经方向	0	0	0	0	0	0
xy	111	17	48	0	1	过流Ⅲ段经方向	0	0	0	0	0	0
xy	111	17	49	0	1	PT断线检测	0	0	0	0	0	0
xy	111	17	50	0	1	PT断线相过流	0	0	0	0	0	0
xy	111	17	51	0	1	过流前加速段	0	0	0	0	0	0
xy	111	17	52	0	1	零序过流Ⅰ段	0	0	0	0	0	0
xy	111	17	53	0	1	零序过流Ⅱ段	0	0	0	0	0	0
xy	111	17	54	0	1	零序过流反时限	0	0	0	0	0	0
xy	111	17	55	0	1	零序反时限最小时间	0	0	0	0	0	0
xy	111	17	56	0	1	间歇性接地保护	0	0	0	0	0	0
xy	111	17	57	0	1	间歇性接地3U0闭锁	0	0	0	0	0	0
xy	111	17	58	0	1	零序过流前加速段	0	0	0	0	0	0
xy	111	17	59	0	1	低频减载	0	0	0	0	0	0
xy	111	17	60	0	1	停用重合闸	0	0	0	0	0	0
xy	111	17	61	0	1	重合闸检同期	0	0	0	0	0	0
xy	111	17	62	0	1	重合闸检线无压母有压	0	0	0	0	0	0
xy	111	17	63	0	1	重合闸检线有压母无压	0	0	0	0	0	0
xy	111	17	64	0	1	重合闸检线无压母无压	0	0	0	0	0	0
xy	111	25	1	0	2	定值区号组	0	1	30	0	0	0
