DATAFMT--: 代码	描述	描述锁定	安全级	厂站代码	类型	采集方式	FTU号	RTU号	YX号	次YX号	双遥信标志	打印	登录	报警	推图	不生成事项	计算量标志	是否追忆	可否遥控	SOE句	事项句	报警图	多源标志	事项处理方式	事故限值	变位次数限	判事故方式	判事故死区	追忆组号	事故过程名	遥控安全级	遥控号	双机监督	遥控返校时间限	遥控发令时间限	遥控执行时间限	遥控事项句	遥控动作名称	遥控方式	遥控确认码	遥控间隔时间	取反标志	转发标志	电压等级	确认方式	删除标志	起始运行时间	起始状态	是否统计	扩展遥控	GIS设备代码	间隔代码	对照代码	事故判据	报警处理方式	报警等级	控分逻辑	控合逻辑	日变位次数限	设备运行时间限	单位时段动作次数限	报警延时	专家系统知识类	反复次数限	抖动次数限	保护复归时间限	设备编号	所属设备	设备类型	二次设备	二次设备类型	遥控密码	遥控校验码
Pxy_121_2_10YX	遥信开入3	0	0	xy	600	0	0	121	9	0	0	1	1	0	0	0	0	0	0				0	0	0	0	0	0	0		0	0	0	0	0	0			0		0	0	0	0	0	0	0	0	0	0		121		0	0	0			0	0	0	0	0	0	0	0			0		0		
Pxy_121_2_11YX	遥信开入4	0	0	xy	600	0	0	121	10	0	0	1	1	0	0	0	0	0	0				0	0	0	0	0	0	0		0	0	0	0	0	0			0		0	0	0	0	0	0	0	0	0	0		121		0	0	0			0	0	0	0	0	0	0	0			0		0		
Pxy_121_2_12YX	遥信开入5	0	0	xy	600	0	0	121	11	0	0	1	1	0	0	0	0	0	0				0	0	0	0	0	0	0		0	0	0	0	0	0			0		0	0	0	0	0	0	0	0	0	0		121		0	0	0			0	0	0	0	0	0	0	0			0		0		
Pxy_121_2_13YX	遥信开入6	0	0	xy	600	0	0	121	12	0	0	1	1	0	0	0	0	0	0				0	0	0	0	0	0	0		0	0	0	0	0	0			0		0	0	0	0	0	0	0	0	0	0		121		0	0	0			0	0	0	0	0	0	0	0			0		0		
Pxy_121_2_14YX	遥信开入7	0	0	xy	600	0	0	121	13	0	0	1	1	0	0	0	0	0	0				0	0	0	0	0	0	0		0	0	0	0	0	0			0		0	0	0	0	0	0	0	0	0	0		121		0	0	0			0	0	0	0	0	0	0	0			0		0		
Pxy_121_2_15YX	遥信开入8	0	0	xy	600	0	0	121	14	0	0	1	1	0	0	0	0	0	0				0	0	0	0	0	0	0		0	0	0	0	0	0			0		0	0	0	0	0	0	0	0	0	0		121		0	0	0			0	0	0	0	0	0	0	0			0		0		
Pxy_121_2_16YX	遥信开入9	0	0	xy	600	0	0	121	15	0	0	1	1	0	0	0	0	0	0				0	0	0	0	0	0	0		0	0	0	0	0	0			0		0	0	0	0	0	0	0	0	0	0		121		0	0	0			0	0	0	0	0	0	0	0			0		0		
Pxy_121_2_17YX	遥信开入10	0	0	xy	600	0	0	121	16	0	0	1	1	0	0	0	0	0	0				0	0	0	0	0	0	0		0	0	0	0	0	0			0		0	0	0	0	0	0	0	0	0	0		121		0	0	0			0	0	0	0	0	0	0	0			0		0		
Pxy_121_2_18YX	遥信开入11	0	0	xy	600	0	0	121	17	0	0	1	1	0	0	0	0	0	0				0	0	0	0	0	0	0		0	0	0	0	0	0			0		0	0	0	0	0	0	0	0	0	0		121		0	0	0			0	0	0	0	0	0	0	0			0		0		
Pxy_121_2_19YX	遥信开入12	0	0	xy	600	0	0	121	18	0	0	1	1	0	0	0	0	0	0				0	0	0	0	0	0	0		0	0	0	0	0	0			0		0	0	0	0	0	0	0	0	0	0		121		0	0	0			0	0	0	0	0	0	0	0			0		0		
Pxy_121_2_1YX	数据库配置错误	0	0	xy	600	0	0	121	0	0	0	1	1	0	0	0	0	0	0				0	0	0	0	0	0	0		0	0	0	0	0	0			0		0	0	0	0	0	0	0	0	0	0		121		0	0	0			0	0	0	0	0	0	0	0			0		0		
Pxy_121_2_20YX	遥信开入13	0	0	xy	600	0	0	121	19	0	0	1	1	0	0	0	0	0	0				0	0	0	0	0	0	0		0	0	0	0	0	0			0		0	0	0	0	0	0	0	0	0	0		121		0	0	0			0	0	0	0	0	0	0	0			0		0		
Pxy_121_2_21YX	遥信开入14	0	0	xy	600	0	0	121	20	0	0	1	1	0	0	0	0	0	0				0	0	0	0	0	0	0		0	0	0	0	0	0			0		0	0	0	0	0	0	0	0	0	0		121		0	0	0			0	0	0	0	0	0	0	0			0		0		
Pxy_121_2_22YX	遥信开入15	0	0	xy	600	0	0	121	21	0	0	1	1	0	0	0	0	0	0				0	0	0	0	0	0	0		0	0	0	0	0	0			0		0	0	0	0	0	0	0	0	0	0		121		0	0	0			0	0	0	0	0	0	0	0			0		0		
Pxy_121_2_23YX	遥信开入16	0	0	xy	600	0	0	121	22	0	0	1	1	0	0	0	0	0	0				0	0	0	0	0	0	0		0	0	0	0	0	0			0		0	0	0	0	0	0	0	0	0	0		121		0	0	0			0	0	0	0	0	0	0	0			0		0		
Pxy_121_2_24YX	遥信开入17	0	0	xy	600	0	0	121	23	0	0	1	1	0	0	0	0	0	0				0	0	0	0	0	0	0		0	0	0	0	0	0			0		0	0	0	0	0	0	0	0	0	0		121		0	0	0			0	0	0	0	0	0	0	0			0		0		
Pxy_121_2_25YX	遥信开入18	0	0	xy	600	0	0	121	24	0	0	1	1	0	0	0	0	0	0				0	0	0	0	0	0	0		0	0	0	0	0	0			0		0	0	0	0	0	0	0	0	0	0		121		0	0	0			0	0	0	0	0	0	0	0			0		0		
Pxy_121_2_26YX	遥信开入19	0	0	xy	600	0	0	121	25	0	0	1	1	0	0	0	0	0	0				0	0	0	0	0	0	0		0	0	0	0	0	0			0		0	0	0	0	0	0	0	0	0	0		121		0	0	0			0	0	0	0	0	0	0	0			0		0		
Pxy_121_2_27YX	低频减载功能硬压板	0	0	xy	600	0	0	121	26	0	0	1	1	0	0	0	0	0	0				0	0	0	0	0	0	0		0	0	0	0	0	0			0		0	0	0	0	0	0	0	0	0	0		121		0	0	0			0	0	0	0	0	0	0	0			0		0		
Pxy_121_2_28YX	低压减载功能硬压板	0	0	xy	600	0	0	121	27	0	0	1	1	0	0	0	0	0	0				0	0	0	0	0	0	0		0	0	0	0	0	0			0		0	0	0	0	0	0	0	0	0	0		121		0	0	0			0	0	0	0	0	0	0	0			0		0		
Pxy_121_2_29YX	远方操作硬压板	0	0	xy	600	0	0	121	28	0	0	1	1	0	0	0	0	0	0				0	0	0	0	0	0	0		0	0	0	0	0	0			0		0	0	0	0	0	0	0	0	0	0		121		0	0	0			0	0	0	0	0	0	0	0			0		0		
Pxy_121_2_2YX	61850配置错误	0	0	xy	600	0	0	121	1	0	0	1	1	0	0	0	0	0	0				0	0	0	0	0	0	0		0	0	0	0	0	0			0		0	0	0	0	0	0	0	0	0	0		121		0	0	0			0	0	0	0	0	0	0	0			0		0		
Pxy_121_2_30YX	信号复归	0	0	xy	600	0	0	121	29	0	0	1	1	0	0	0	0	0	0				0	0	0	0	0	0	0		0	0	0	0	0	0			0		0	0	0	0	0	0	0	0	0	0		121		0	0	0			0	0	0	0	0	0	0	0			0		0		
Pxy_121_2_31YX	检修状态硬压板	0	0	xy	600	0	0	121	257	0	0	1	1	0	0	0	0	0	0				0	0	0	0	0	0	0		0	0	0	0	0	0			0		0	0	0	0	0	0	0	0	0	0		121		0	0	0			0	0	0	0	0	0	0	0			0		0		
Pxy_121_2_32YX	闭锁低频减载功能	0	0	xy	600	0	0	121	31	0	0	1	1	0	0	0	0	0	0				0	0	0	0	0	0	0		0	0	0	0	0	0			0		0	0	0	0	0	0	0	0	0	0		121		0	0	0			0	0	0	0	0	0	0	0			0		0		
Pxy_121_2_33YX	闭锁低压减载功能	0	0	xy	600	0	0	121	32	0	0	1	1	0	0	0	0	0	0				0	0	0	0	0	0	0		0	0	0	0	0	0			0		0	0	0	0	0	0	0	0	0	0		121		0	0	0			0	0	0	0	0	0	0	0			0		0		
Pxy_121_2_34YX	低频第1轮功能有效	0	0	xy	600	0	0	121	33	0	0	1	1	0	0	0	0	0	0				0	0	0	0	0	0	0		0	0	0	0	0	0			0		0	0	0	0	0	0	0	0	0	0		121		0	0	0			0	0	0	0	0	0	0	0			0		0		
Pxy_121_2_35YX	低频第1轮功能有效	0	0	xy	600	0	0	121	34	0	0	1	1	0	0	0	0	0	0				0	0	0	0	0	0	0		0	0	0	0	0	0			0		0	0	0	0	0	0	0	0	0	0		121		0	0	0			0	0	0	0	0	0	0	0			0		0		
Pxy_121_2_36YX	低频第3轮功能有效	0	0	xy	600	0	0	121	35	0	0	1	1	0	0	0	0	0	0				0	0	0	0	0	0	0		0	0	0	0	0	0			0		0	0	0	0	0	0	0	0	0	0		121		0	0	0			0	0	0	0	0	0	0	0			0		0		
Pxy_121_2_37YX	低频第4轮功能有效	0	0	xy	600	0	0	121	36	0	0	1	1	0	0	0	0	0	0				0	0	0	0	0	0	0		0	0	0	0	0	0			0		0	0	0	0	0	0	0	0	0	0		121		0	0	0			0	0	0	0	0	0	0	0			0		0		
Pxy_121_2_38YX	低频第5轮功能有效	0	0	xy	600	0	0	121	37	0	0	1	1	0	0	0	0	0	0				0	0	0	0	0	0	0		0	0	0	0	0	0			0		0	0	0	0	0	0	0	0	0	0		121		0	0	0			0	0	0	0	0	0	0	0			0		0		
Pxy_121_2_39YX	低频第6轮功能有效	0	0	xy	600	0	0	121	38	0	0	1	1	0	0	0	0	0	0				0	0	0	0	0	0	0		0	0	0	0	0	0			0		0	0	0	0	0	0	0	0	0	0		121		0	0	0			0	0	0	0	0	0	0	0			0		0		
Pxy_121_2_3YX	同步信号丢失	0	0	xy	600	0	0	121	2	0	0	1	1	0	0	0	0	0	0				0	0	0	0	0	0	0		0	0	0	0	0	0			0		0	0	0	0	0	0	0	0	0	0		121		0	0	0			0	0	0	0	0	0	0	0			0		0		
Pxy_121_2_40YX	低频特殊第1轮功能有效	0	0	xy	600	0	0	121	39	0	0	1	1	0	0	0	0	0	0				0	0	0	0	0	0	0		0	0	0	0	0	0			0		0	0	0	0	0	0	0	0	0	0		121		0	0	0			0	0	0	0	0	0	0	0			0		0		
Pxy_121_2_41YX	低频特殊第2轮功能有效	0	0	xy	600	0	0	121	40	0	0	1	1	0	0	0	0	0	0				0	0	0	0	0	0	0		0	0	0	0	0	0			0		0	0	0	0	0	0	0	0	0	0		121		0	0	0			0	0	0	0	0	0	0	0			0		0		
Pxy_121_2_42YX	低压第1轮功能有效	0	0	xy	600	0	0	121	41	0	0	1	1	0	0	0	0	0	0				0	0	0	0	0	0	0		0	0	0	0	0	0			0		0	0	0	0	0	0	0	0	0	0		121		0	0	0			0	0	0	0	0	0	0	0			0		0		
Pxy_121_2_43YX	低压第2轮功能有效	0	0	xy	600	0	0	121	42	0	0	1	1	0	0	0	0	0	0				0	0	0	0	0	0	0		0	0	0	0	0	0			0		0	0	0	0	0	0	0	0	0	0		121		0	0	0			0	0	0	0	0	0	0	0			0		0		
Pxy_121_2_44YX	低压特殊第1轮功能有效	0	0	xy	600	0	0	121	43	0	0	1	1	0	0	0	0	0	0				0	0	0	0	0	0	0		0	0	0	0	0	0			0		0	0	0	0	0	0	0	0	0	0		121		0	0	0			0	0	0	0	0	0	0	0			0		0		
Pxy_121_2_45YX	低压特殊第2轮功能有效	0	0	xy	600	0	0	121	44	0	0	1	1	0	0	0	0	0	0				0	0	0	0	0	0	0		0	0	0	0	0	0			0		0	0	0	0	0	0	0	0	0	0		121		0	0	0			0	0	0	0	0	0	0	0			0		0		
Pxy_121_2_46YX	低频减载功能投入	0	0	xy	600	0	0	121	45	0	0	1	1	0	0	0	0	0	0				0	0	0	0	0	0	0		0	0	0	0	0	0			0		0	0	0	0	0	0	0	0	0	0		121		0	0	0			0	0	0	0	0	0	0	0			0		0		
Pxy_121_2_47YX	低压减载功能投入	0	0	xy	600	0	0	121	46	0	0	1	1	0	0	0	0	0	0				0	0	0	0	0	0	0		0	0	0	0	0	0			0		0	0	0	0	0	0	0	0	0	0		121		0	0	0			0	0	0	0	0	0	0	0			0		0		
Pxy_121_2_48YX	录波完成	0	0	xy	600	0	0	121	47	0	0	1	1	0	0	0	0	0	0				0	0	0	0	0	0	0		0	0	0	0	0	0			0		0	0	0	0	0	0	0	0	0	0		121		0	0	0			0	0	0	0	0	0	0	0			0		0		
Pxy_121_2_4YX	信号复归	0	0	xy	600	0	0	121	3	0	0	1	1	0	0	0	0	0	0				0	0	0	0	0	0	0		0	0	0	0	0	0			0		0	0	0	0	0	0	0	0	0	0		121		0	0	0			0	0	0	0	0	0	0	0			0		0		
Pxy_121_2_5YX	对时信号状态	0	0	xy	600	0	0	121	4	0	0	1	1	0	0	0	0	0	0				0	0	0	0	0	0	0		0	0	0	0	0	0			0		0	0	0	0	0	0	0	0	0	0		121		0	0	0			0	0	0	0	0	0	0	0			0		0		
Pxy_121_2_6YX	对时服务状态	0	0	xy	600	0	0	121	5	0	0	1	1	0	0	0	0	0	0				0	0	0	0	0	0	0		0	0	0	0	0	0			0		0	0	0	0	0	0	0	0	0	0		121		0	0	0			0	0	0	0	0	0	0	0			0		0		
Pxy_121_2_7YX	时间跳变侦测状态	0	0	xy	600	0	0	121	6	0	0	1	1	0	0	0	0	0	0				0	0	0	0	0	0	0		0	0	0	0	0	0			0		0	0	0	0	0	0	0	0	0	0		121		0	0	0			0	0	0	0	0	0	0	0			0		0		
Pxy_121_2_8YX	遥信开入1	0	0	xy	600	0	0	121	7	0	0	1	1	0	0	0	0	0	0				0	0	0	0	0	0	0		0	0	0	0	0	0			0		0	0	0	0	0	0	0	0	0	0		121		0	0	0			0	0	0	0	0	0	0	0			0		0		
Pxy_121_2_9YX	遥信开入2	0	0	xy	600	0	0	121	8	0	0	1	1	0	0	0	0	0	0				0	0	0	0	0	0	0		0	0	0	0	0	0			0		0	0	0	0	0	0	0	0	0	0		121		0	0	0			0	0	0	0	0	0	0	0			0		0		
Pxy_121_4_10YX	低压启动	0	0	xy	600	0	0	121	57	0	0	1	1	0	0	0	0	0	0				0	0	0	0	0	0	0		0	0	0	0	0	0			0		0	0	0	0	0	0	0	0	0	0		121		0	0	0			0	0	0	0	0	0	0	0			0		0		
Pxy_121_4_11YX	低压第1轮动作	0	0	xy	600	0	0	121	58	0	0	1	1	0	0	0	0	0	0				0	0	0	0	0	0	0		0	0	0	0	0	0			0		0	0	0	0	0	0	0	0	0	0		121		0	0	0			0	0	0	0	0	0	0	0			0		0		
Pxy_121_4_12YX	低压第2轮动作	0	0	xy	600	0	0	121	59	0	0	1	1	0	0	0	0	0	0				0	0	0	0	0	0	0		0	0	0	0	0	0			0		0	0	0	0	0	0	0	0	0	0		121		0	0	0			0	0	0	0	0	0	0	0			0		0		
Pxy_121_4_13YX	低压特殊第1轮动作	0	0	xy	600	0	0	121	60	0	0	1	1	0	0	0	0	0	0				0	0	0	0	0	0	0		0	0	0	0	0	0			0		0	0	0	0	0	0	0	0	0	0		121		0	0	0			0	0	0	0	0	0	0	0			0		0		
Pxy_121_4_14YX	低压特殊第2轮动作	0	0	xy	600	0	0	121	61	0	0	1	1	0	0	0	0	0	0				0	0	0	0	0	0	0		0	0	0	0	0	0			0		0	0	0	0	0	0	0	0	0	0		121		0	0	0			0	0	0	0	0	0	0	0			0		0		
Pxy_121_4_15YX	减负荷1间隔出口	0	0	xy	600	0	0	121	62	0	0	1	1	0	0	0	0	0	0				0	0	0	0	0	0	0		0	0	0	0	0	0			0		0	0	0	0	0	0	0	0	0	0		121		0	0	0			0	0	0	0	0	0	0	0			0		0		
Pxy_121_4_16YX	减负荷2间隔出口	0	0	xy	600	0	0	121	63	0	0	1	1	0	0	0	0	0	0				0	0	0	0	0	0	0		0	0	0	0	0	0			0		0	0	0	0	0	0	0	0	0	0		121		0	0	0			0	0	0	0	0	0	0	0			0		0		
Pxy_121_4_17YX	减负荷3间隔出口	0	0	xy	600	0	0	121	64	0	0	1	1	0	0	0	0	0	0				0	0	0	0	0	0	0		0	0	0	0	0	0			0		0	0	0	0	0	0	0	0	0	0		121		0	0	0			0	0	0	0	0	0	0	0			0		0		
Pxy_121_4_18YX	减负荷4间隔出口	0	0	xy	600	0	0	121	65	0	0	1	1	0	0	0	0	0	0				0	0	0	0	0	0	0		0	0	0	0	0	0			0		0	0	0	0	0	0	0	0	0	0		121		0	0	0			0	0	0	0	0	0	0	0			0		0		
Pxy_121_4_19YX	减负荷5间隔出口	0	0	xy	600	0	0	121	66	0	0	1	1	0	0	0	0	0	0				0	0	0	0	0	0	0		0	0	0	0	0	0			0		0	0	0	0	0	0	0	0	0	0		121		0	0	0			0	0	0	0	0	0	0	0			0		0		
Pxy_121_4_1YX	低频启动	0	0	xy	600	0	0	121	48	0	0	1	1	0	0	0	0	0	0				0	0	0	0	0	0	0		0	0	0	0	0	0			0		0	0	0	0	0	0	0	0	0	0		121		0	0	0			0	0	0	0	0	0	0	0			0		0		
Pxy_121_4_20YX	减负荷6间隔出口	0	0	xy	600	0	0	121	67	0	0	1	1	0	0	0	0	0	0				0	0	0	0	0	0	0		0	0	0	0	0	0			0		0	0	0	0	0	0	0	0	0	0		121		0	0	0			0	0	0	0	0	0	0	0			0		0		
Pxy_121_4_21YX	减负荷7间隔出口	0	0	xy	600	0	0	121	68	0	0	1	1	0	0	0	0	0	0				0	0	0	0	0	0	0		0	0	0	0	0	0			0		0	0	0	0	0	0	0	0	0	0		121		0	0	0			0	0	0	0	0	0	0	0			0		0		
Pxy_121_4_22YX	减负荷8间隔出口	0	0	xy	600	0	0	121	69	0	0	1	1	0	0	0	0	0	0				0	0	0	0	0	0	0		0	0	0	0	0	0			0		0	0	0	0	0	0	0	0	0	0		121		0	0	0			0	0	0	0	0	0	0	0			0		0		
Pxy_121_4_23YX	减负荷9间隔出口	0	0	xy	600	0	0	121	70	0	0	1	1	0	0	0	0	0	0				0	0	0	0	0	0	0		0	0	0	0	0	0			0		0	0	0	0	0	0	0	0	0	0		121		0	0	0			0	0	0	0	0	0	0	0			0		0		
Pxy_121_4_24YX	减负荷10间隔出口	0	0	xy	600	0	0	121	71	0	0	1	1	0	0	0	0	0	0				0	0	0	0	0	0	0		0	0	0	0	0	0			0		0	0	0	0	0	0	0	0	0	0		121		0	0	0			0	0	0	0	0	0	0	0			0		0		
Pxy_121_4_25YX	减负荷11间隔出口	0	0	xy	600	0	0	121	72	0	0	1	1	0	0	0	0	0	0				0	0	0	0	0	0	0		0	0	0	0	0	0			0		0	0	0	0	0	0	0	0	0	0		121		0	0	0			0	0	0	0	0	0	0	0			0		0		
Pxy_121_4_26YX	减负荷12间隔出口	0	0	xy	600	0	0	121	73	0	0	1	1	0	0	0	0	0	0				0	0	0	0	0	0	0		0	0	0	0	0	0			0		0	0	0	0	0	0	0	0	0	0		121		0	0	0			0	0	0	0	0	0	0	0			0		0		
Pxy_121_4_27YX	装置动作	0	0	xy	600	0	0	121	74	0	0	1	1	0	0	0	0	0	0				0	0	0	0	0	0	0		0	0	0	0	0	0			0		0	0	0	0	0	0	0	0	0	0		121		0	0	0			0	0	0	0	0	0	0	0			0		0		
Pxy_121_4_28YX	装置策略动作	0	0	xy	600	0	0	121	75	0	0	1	1	0	0	0	0	0	0				0	0	0	0	0	0	0		0	0	0	0	0	0			0		0	0	0	0	0	0	0	0	0	0		121		0	0	0			0	0	0	0	0	0	0	0			0		0		
Pxy_121_4_2YX	低频第1轮动作	0	0	xy	600	0	0	121	49	0	0	1	1	0	0	0	0	0	0				0	0	0	0	0	0	0		0	0	0	0	0	0			0		0	0	0	0	0	0	0	0	0	0		121		0	0	0			0	0	0	0	0	0	0	0			0		0		
Pxy_121_4_3YX	低频第2轮动作	0	0	xy	600	0	0	121	50	0	0	1	1	0	0	0	0	0	0				0	0	0	0	0	0	0		0	0	0	0	0	0			0		0	0	0	0	0	0	0	0	0	0		121		0	0	0			0	0	0	0	0	0	0	0			0		0		
Pxy_121_4_4YX	低频第3轮动作	0	0	xy	600	0	0	121	51	0	0	1	1	0	0	0	0	0	0				0	0	0	0	0	0	0		0	0	0	0	0	0			0		0	0	0	0	0	0	0	0	0	0		121		0	0	0			0	0	0	0	0	0	0	0			0		0		
Pxy_121_4_5YX	低频第4轮动作	0	0	xy	600	0	0	121	52	0	0	1	1	0	0	0	0	0	0				0	0	0	0	0	0	0		0	0	0	0	0	0			0		0	0	0	0	0	0	0	0	0	0		121		0	0	0			0	0	0	0	0	0	0	0			0		0		
Pxy_121_4_6YX	低频第5轮动作	0	0	xy	600	0	0	121	53	0	0	1	1	0	0	0	0	0	0				0	0	0	0	0	0	0		0	0	0	0	0	0			0		0	0	0	0	0	0	0	0	0	0		121		0	0	0			0	0	0	0	0	0	0	0			0		0		
Pxy_121_4_7YX	低频第6轮动作	0	0	xy	600	0	0	121	54	0	0	1	1	0	0	0	0	0	0				0	0	0	0	0	0	0		0	0	0	0	0	0			0		0	0	0	0	0	0	0	0	0	0		121		0	0	0			0	0	0	0	0	0	0	0			0		0		
Pxy_121_4_8YX	低频特殊第1轮动作	0	0	xy	600	0	0	121	55	0	0	1	1	0	0	0	0	0	0				0	0	0	0	0	0	0		0	0	0	0	0	0			0		0	0	0	0	0	0	0	0	0	0		121		0	0	0			0	0	0	0	0	0	0	0			0		0		
Pxy_121_4_9YX	低频特殊第2轮动作	0	0	xy	600	0	0	121	56	0	0	1	1	0	0	0	0	0	0				0	0	0	0	0	0	0		0	0	0	0	0	0			0		0	0	0	0	0	0	0	0	0	0		121		0	0	0			0	0	0	0	0	0	0	0			0		0		
Pxy_121_5_10YX	时间跳变侦测状态异常	0	0	xy	600	0	0	121	85	0	0	1	1	0	0	0	0	0	0				0	0	0	0	0	0	0		0	0	0	0	0	0			0		0	0	0	0	0	0	0	0	0	0		121		0	0	0			0	0	0	0	0	0	0	0			0		0		
Pxy_121_5_11YX	SCL文件错误	0	0	xy	600	0	0	121	86	0	0	1	1	0	0	0	0	0	0				0	0	0	0	0	0	0		0	0	0	0	0	0			0		0	0	0	0	0	0	0	0	0	0		121		0	0	0			0	0	0	0	0	0	0	0			0		0		
Pxy_121_5_12YX	CCD文件错误	0	0	xy	600	0	0	121	87	0	0	1	1	0	0	0	0	0	0				0	0	0	0	0	0	0		0	0	0	0	0	0			0		0	0	0	0	0	0	0	0	0	0		121		0	0	0			0	0	0	0	0	0	0	0			0		0		
Pxy_121_5_13YX	3U0越限	0	0	xy	600	0	0	121	88	0	0	1	1	0	0	0	0	0	0				0	0	0	0	0	0	0		0	0	0	0	0	0			0		0	0	0	0	0	0	0	0	0	0		121		0	0	0			0	0	0	0	0	0	0	0			0		0		
Pxy_121_5_14YX	双AD不一致	0	0	xy	600	0	0	121	89	0	0	1	1	0	0	0	0	0	0				0	0	0	0	0	0	0		0	0	0	0	0	0			0		0	0	0	0	0	0	0	0	0	0		121		0	0	0			0	0	0	0	0	0	0	0			0		0		
Pxy_121_5_15YX	策略功能CPU插件异常	0	0	xy	600	0	0	121	90	0	0	1	1	0	0	0	0	0	0				0	0	0	0	0	0	0		0	0	0	0	0	0			0		0	0	0	0	0	0	0	0	0	0		121		0	0	0			0	0	0	0	0	0	0	0			0		0		
Pxy_121_5_16YX	开出异常	0	0	xy	600	0	0	121	91	0	0	1	1	0	0	0	0	0	0				0	0	0	0	0	0	0		0	0	0	0	0	0			0		0	0	0	0	0	0	0	0	0	0		121		0	0	0			0	0	0	0	0	0	0	0			0		0		
Pxy_121_5_17YX	开入异常	0	0	xy	600	0	0	121	92	0	0	1	1	0	0	0	0	0	0				0	0	0	0	0	0	0		0	0	0	0	0	0			0		0	0	0	0	0	0	0	0	0	0		121		0	0	0			0	0	0	0	0	0	0	0			0		0		
Pxy_121_5_18YX	模拟量采集错	0	0	xy	600	0	0	121	93	0	0	1	1	0	0	0	0	0	0				0	0	0	0	0	0	0		0	0	0	0	0	0			0		0	0	0	0	0	0	0	0	0	0		121		0	0	0			0	0	0	0	0	0	0	0			0		0		
Pxy_121_5_1YX	装置温度越上限	0	0	xy	600	0	0	121	76	0	0	1	1	0	0	0	0	0	0				0	0	0	0	0	0	0		0	0	0	0	0	0			0		0	0	0	0	0	0	0	0	0	0		121		0	0	0			0	0	0	0	0	0	0	0			0		0		
Pxy_121_5_2YX	装置温度越下限	0	0	xy	600	0	0	121	77	0	0	1	1	0	0	0	0	0	0				0	0	0	0	0	0	0		0	0	0	0	0	0			0		0	0	0	0	0	0	0	0	0	0		121		0	0	0			0	0	0	0	0	0	0	0			0		0		
Pxy_121_5_3YX	PT断线	0	0	xy	600	0	0	121	78	0	0	1	1	0	0	0	0	0	0				0	0	0	0	0	0	0		0	0	0	0	0	0			0		0	0	0	0	0	0	0	0	0	0		121		0	0	0			0	0	0	0	0	0	0	0			0		0		
Pxy_121_5_4YX	频率超限	0	0	xy	600	0	0	121	79	0	0	1	1	0	0	0	0	0	0				0	0	0	0	0	0	0		0	0	0	0	0	0			0		0	0	0	0	0	0	0	0	0	0		121		0	0	0			0	0	0	0	0	0	0	0			0		0		
Pxy_121_5_5YX	df/dt闭锁	0	0	xy	600	0	0	121	80	0	0	1	1	0	0	0	0	0	0				0	0	0	0	0	0	0		0	0	0	0	0	0			0		0	0	0	0	0	0	0	0	0	0		121		0	0	0			0	0	0	0	0	0	0	0			0		0		
Pxy_121_5_6YX	dU/dt闭锁	0	0	xy	600	0	0	121	81	0	0	1	1	0	0	0	0	0	0				0	0	0	0	0	0	0		0	0	0	0	0	0			0		0	0	0	0	0	0	0	0	0	0		121		0	0	0			0	0	0	0	0	0	0	0			0		0		
Pxy_121_5_7YX	对时异常	0	0	xy	600	0	0	121	82	0	0	1	1	0	0	0	0	0	0				0	0	0	0	0	0	0		0	0	0	0	0	0			0		0	0	0	0	0	0	0	0	0	0		121		0	0	0			0	0	0	0	0	0	0	0			0		0		
Pxy_121_5_8YX	对时信号状态异常	0	0	xy	600	0	0	121	83	0	0	1	1	0	0	0	0	0	0				0	0	0	0	0	0	0		0	0	0	0	0	0			0		0	0	0	0	0	0	0	0	0	0		121		0	0	0			0	0	0	0	0	0	0	0			0		0		
Pxy_121_5_9YX	对时服务状态异常	0	0	xy	600	0	0	121	84	0	0	1	1	0	0	0	0	0	0				0	0	0	0	0	0	0		0	0	0	0	0	0			0		0	0	0	0	0	0	0	0	0	0		121		0	0	0			0	0	0	0	0	0	0	0			0		0		
Pxy_122_10_10YX	遥控闭锁2	0	0	xy	600	0	0	122	266	0	0	1	1	0	0	0	0	0	0				0	0	0	0	0	0	0		0	0	0	0	0	0			0		0	0	0	0	0	0	0	0	0	0		122		0	0	0			0	0	0	0	0	0	0	0			0		0		
Pxy_122_10_11YX	遥控闭锁3	0	0	xy	600	0	0	122	267	0	0	1	1	0	0	0	0	0	0				0	0	0	0	0	0	0		0	0	0	0	0	0			0		0	0	0	0	0	0	0	0	0	0		122		0	0	0			0	0	0	0	0	0	0	0			0		0		
Pxy_122_10_12YX	跳闸保持信号	0	0	xy	600	0	0	122	268	0	0	1	1	0	0	0	0	0	0				0	0	0	0	0	0	0		0	0	0	0	0	0			0		0	0	0	0	0	0	0	0	0	0		122		0	0	0			0	0	0	0	0	0	0	0			0		0		
Pxy_122_10_13YX	合闸保持信号	0	0	xy	600	0	0	122	269	0	0	1	1	0	0	0	0	0	0				0	0	0	0	0	0	0		0	0	0	0	0	0			0		0	0	0	0	0	0	0	0	0	0		122		0	0	0			0	0	0	0	0	0	0	0			0		0		
Pxy_122_10_1YX	纵差启动重合闸	0	0	xy	600	0	0	122	257	0	0	1	1	0	0	0	0	0	0				0	0	0	0	0	0	0		0	0	0	0	0	0			0		0	0	0	0	0	0	0	0	0	0		122		0	0	0			0	0	0	0	0	0	0	0			0		0		
Pxy_122_10_2YX	按频率减载	0	0	xy	600	0	0	122	258	0	0	1	1	0	0	0	0	0	0				0	0	0	0	0	0	0		0	0	0	0	0	0			0		0	0	0	0	0	0	0	0	0	0		122		0	0	0			0	0	0	0	0	0	0	0			0		0		
Pxy_122_10_3YX	弹簧未储能	0	0	xy	600	0	0	122	259	0	0	1	1	0	0	0	0	0	0				0	0	0	0	0	0	0		0	0	0	0	0	0			0		0	0	0	0	0	0	0	0	0	0		122		0	0	0			0	0	0	0	0	0	0	0			0		0		
Pxy_122_10_4YX	断路器合位	0	0	xy	600	0	0	122	260	0	0	1	1	0	0	0	0	0	0				0	0	0	0	0	0	0		0	0	0	0	0	0			0		0	0	0	0	0	0	0	0	0	0		122		0	0	0			0	0	0	0	0	0	0	0			0		0		
Pxy_122_10_5YX	断路器分位	0	0	xy	600	0	0	122	261	0	0	1	1	0	0	0	0	0	0				0	0	0	0	0	0	0		0	0	0	0	0	0			0		0	0	0	0	0	0	0	0	0	0		122		0	0	0			0	0	0	0	0	0	0	0			0		0		
Pxy_122_10_6YX	信号复归	0	0	xy	600	0	0	122	262	0	0	1	1	0	0	0	0	0	0				0	0	0	0	0	0	0		0	0	0	0	0	0			0		0	0	0	0	0	0	0	0	0	0		122		0	0	0			0	0	0	0	0	0	0	0			0		0		
Pxy_122_10_7YX	装置检修	0	0	xy	600	0	0	122	263	0	0	1	1	0	0	0	0	0	0				0	0	0	0	0	0	0		0	0	0	0	0	0			0		0	0	0	0	0	0	0	0	0	0		122		0	0	0			0	0	0	0	0	0	0	0			0		0		
Pxy_122_10_8YX	重合闸充电	0	0	xy	600	0	0	122	264	0	0	1	1	0	0	0	0	0	0				0	0	0	0	0	0	0		0	0	0	0	0	0			0		0	0	0	0	0	0	0	0	0	0		122		0	0	0			0	0	0	0	0	0	0	0			0		0		
Pxy_122_10_9YX	遥控闭锁1	0	0	xy	600	0	0	122	265	0	0	1	1	0	0	0	0	0	0				0	0	0	0	0	0	0		0	0	0	0	0	0			0		0	0	0	0	0	0	0	0	0	0		122		0	0	0			0	0	0	0	0	0	0	0			0		0		
Pxy_122_2_10YX	零序Ⅰ段动作	0	0	xy	600	0	0	122	522	0	0	1	1	0	0	0	0	0	0				0	0	0	0	0	0	0		0	0	0	0	0	0			0		0	0	0	0	0	0	0	0	0	0		122		0	0	0			0	0	0	0	0	0	0	0			0		0		
Pxy_122_2_11YX	零序Ⅱ段启动	0	0	xy	600	0	0	122	523	0	0	1	1	0	0	0	0	0	0				0	0	0	0	0	0	0		0	0	0	0	0	0			0		0	0	0	0	0	0	0	0	0	0		122		0	0	0			0	0	0	0	0	0	0	0			0		0		
Pxy_122_2_12YX	零序Ⅱ段动作	0	0	xy	600	0	0	122	524	0	0	1	1	0	0	0	0	0	0				0	0	0	0	0	0	0		0	0	0	0	0	0			0		0	0	0	0	0	0	0	0	0	0		122		0	0	0			0	0	0	0	0	0	0	0			0		0		
Pxy_122_2_13YX	零序反时限启动	0	0	xy	600	0	0	122	525	0	0	1	1	0	0	0	0	0	0				0	0	0	0	0	0	0		0	0	0	0	0	0			0		0	0	0	0	0	0	0	0	0	0		122		0	0	0			0	0	0	0	0	0	0	0			0		0		
Pxy_122_2_14YX	零序反时限动作	0	0	xy	600	0	0	122	526	0	0	1	1	0	0	0	0	0	0				0	0	0	0	0	0	0		0	0	0	0	0	0			0		0	0	0	0	0	0	0	0	0	0		122		0	0	0			0	0	0	0	0	0	0	0			0		0		
Pxy_122_2_15YX	过流加速启动	0	0	xy	600	0	0	122	527	0	0	1	1	0	0	0	0	0	0				0	0	0	0	0	0	0		0	0	0	0	0	0			0		0	0	0	0	0	0	0	0	0	0		122		0	0	0			0	0	0	0	0	0	0	0			0		0		
Pxy_122_2_16YX	过流加速动作	0	0	xy	600	0	0	122	528	0	0	1	1	0	0	0	0	0	0				0	0	0	0	0	0	0		0	0	0	0	0	0			0		0	0	0	0	0	0	0	0	0	0		122		0	0	0			0	0	0	0	0	0	0	0			0		0		
Pxy_122_2_17YX	零序加速启动	0	0	xy	600	0	0	122	529	0	0	1	1	0	0	0	0	0	0				0	0	0	0	0	0	0		0	0	0	0	0	0			0		0	0	0	0	0	0	0	0	0	0		122		0	0	0			0	0	0	0	0	0	0	0			0		0		
Pxy_122_2_18YX	零序加速动作	0	0	xy	600	0	0	122	530	0	0	1	1	0	0	0	0	0	0				0	0	0	0	0	0	0		0	0	0	0	0	0			0		0	0	0	0	0	0	0	0	0	0		122		0	0	0			0	0	0	0	0	0	0	0			0		0		
Pxy_122_2_19YX	低周减载Ⅰ段启动	0	0	xy	600	0	0	122	531	0	0	1	1	0	0	0	0	0	0				0	0	0	0	0	0	0		0	0	0	0	0	0			0		0	0	0	0	0	0	0	0	0	0		122		0	0	0			0	0	0	0	0	0	0	0			0		0		
Pxy_122_2_1YX	过流Ⅰ段启动	0	0	xy	600	0	0	122	513	0	0	1	1	0	0	0	0	0	0				0	0	0	0	0	0	0		0	0	0	0	0	0			0		0	0	0	0	0	0	0	0	0	0		122		0	0	0			0	0	0	0	0	0	0	0			0		0		
Pxy_122_2_20YX	低周减载Ⅰ段动作	0	0	xy	600	0	0	122	532	0	0	1	1	0	0	0	0	0	0				0	0	0	0	0	0	0		0	0	0	0	0	0			0		0	0	0	0	0	0	0	0	0	0		122		0	0	0			0	0	0	0	0	0	0	0			0		0		
Pxy_122_2_21YX	低周减载Ⅱ段启动	0	0	xy	600	0	0	122	533	0	0	1	1	0	0	0	0	0	0				0	0	0	0	0	0	0		0	0	0	0	0	0			0		0	0	0	0	0	0	0	0	0	0		122		0	0	0			0	0	0	0	0	0	0	0			0		0		
Pxy_122_2_22YX	低周减载Ⅱ段动作	0	0	xy	600	0	0	122	534	0	0	1	1	0	0	0	0	0	0				0	0	0	0	0	0	0		0	0	0	0	0	0			0		0	0	0	0	0	0	0	0	0	0		122		0	0	0			0	0	0	0	0	0	0	0			0		0		
Pxy_122_2_23YX	低周联跳启动	0	0	xy	600	0	0	122	535	0	0	1	1	0	0	0	0	0	0				0	0	0	0	0	0	0		0	0	0	0	0	0			0		0	0	0	0	0	0	0	0	0	0		122		0	0	0			0	0	0	0	0	0	0	0			0		0		
Pxy_122_2_24YX	低周联跳动作	0	0	xy	600	0	0	122	536	0	0	1	1	0	0	0	0	0	0				0	0	0	0	0	0	0		0	0	0	0	0	0			0		0	0	0	0	0	0	0	0	0	0		122		0	0	0			0	0	0	0	0	0	0	0			0		0		
Pxy_122_2_25YX	重合闸启动	0	0	xy	600	0	0	122	537	0	0	1	1	0	0	0	0	0	0				0	0	0	0	0	0	0		0	0	0	0	0	0			0		0	0	0	0	0	0	0	0	0	0		122		0	0	0			0	0	0	0	0	0	0	0			0		0		
Pxy_122_2_26YX	重合闸动作	0	0	xy	600	0	0	122	538	0	0	1	1	0	0	0	0	0	0				0	0	0	0	0	0	0		0	0	0	0	0	0			0		0	0	0	0	0	0	0	0	0	0		122		0	0	0			0	0	0	0	0	0	0	0			0		0		
Pxy_122_2_27YX	间隙接地启动	0	0	xy	600	0	0	122	539	0	0	1	1	0	0	0	0	0	0				0	0	0	0	0	0	0		0	0	0	0	0	0			0		0	0	0	0	0	0	0	0	0	0		122		0	0	0			0	0	0	0	0	0	0	0			0		0		
Pxy_122_2_28YX	间隙接地动作	0	0	xy	600	0	0	122	540	0	0	1	1	0	0	0	0	0	0				0	0	0	0	0	0	0		0	0	0	0	0	0			0		0	0	0	0	0	0	0	0	0	0		122		0	0	0			0	0	0	0	0	0	0	0			0		0		
Pxy_122_2_2YX	过流Ⅰ段动作	0	0	xy	600	0	0	122	514	0	0	1	1	0	0	0	0	0	0				0	0	0	0	0	0	0		0	0	0	0	0	0			0		0	0	0	0	0	0	0	0	0	0		122		0	0	0			0	0	0	0	0	0	0	0			0		0		
Pxy_122_2_3YX	过流Ⅱ段启动	0	0	xy	600	0	0	122	515	0	0	1	1	0	0	0	0	0	0				0	0	0	0	0	0	0		0	0	0	0	0	0			0		0	0	0	0	0	0	0	0	0	0		122		0	0	0			0	0	0	0	0	0	0	0			0		0		
Pxy_122_2_4YX	过流Ⅱ段动作	0	0	xy	600	0	0	122	516	0	0	1	1	0	0	0	0	0	0				0	0	0	0	0	0	0		0	0	0	0	0	0			0		0	0	0	0	0	0	0	0	0	0		122		0	0	0			0	0	0	0	0	0	0	0			0		0		
Pxy_122_2_5YX	过流Ⅲ段启动	0	0	xy	600	0	0	122	517	0	0	1	1	0	0	0	0	0	0				0	0	0	0	0	0	0		0	0	0	0	0	0			0		0	0	0	0	0	0	0	0	0	0		122		0	0	0			0	0	0	0	0	0	0	0			0		0		
Pxy_122_2_6YX	过流Ⅲ段动作	0	0	xy	600	0	0	122	518	0	0	1	1	0	0	0	0	0	0				0	0	0	0	0	0	0		0	0	0	0	0	0			0		0	0	0	0	0	0	0	0	0	0		122		0	0	0			0	0	0	0	0	0	0	0			0		0		
Pxy_122_2_7YX	过流反时限启动	0	0	xy	600	0	0	122	519	0	0	1	1	0	0	0	0	0	0				0	0	0	0	0	0	0		0	0	0	0	0	0			0		0	0	0	0	0	0	0	0	0	0		122		0	0	0			0	0	0	0	0	0	0	0			0		0		
Pxy_122_2_8YX	过流反时限动作	0	0	xy	600	0	0	122	520	0	0	1	1	0	0	0	0	0	0				0	0	0	0	0	0	0		0	0	0	0	0	0			0		0	0	0	0	0	0	0	0	0	0		122		0	0	0			0	0	0	0	0	0	0	0			0		0		
Pxy_122_2_9YX	零序Ⅰ段启动	0	0	xy	600	0	0	122	521	0	0	1	1	0	0	0	0	0	0				0	0	0	0	0	0	0		0	0	0	0	0	0			0		0	0	0	0	0	0	0	0	0	0		122		0	0	0			0	0	0	0	0	0	0	0			0		0		
Pxy_122_3_10YX	出口回路故障	0	0	xy	600	0	0	122	778	0	0	1	1	0	0	0	0	0	0				0	0	0	0	0	0	0		0	0	0	0	0	0			0		0	0	0	0	0	0	0	0	0	0		122		0	0	0			0	0	0	0	0	0	0	0			0		0		
Pxy_122_3_11YX	CPLD故障	0	0	xy	600	0	0	122	779	0	0	1	1	0	0	0	0	0	0				0	0	0	0	0	0	0		0	0	0	0	0	0			0		0	0	0	0	0	0	0	0	0	0		122		0	0	0			0	0	0	0	0	0	0	0			0		0		
Pxy_122_3_1YX	装置报警	0	0	xy	600	0	0	122	769	0	0	1	1	0	0	0	0	0	0				0	0	0	0	0	0	0		0	0	0	0	0	0			0		0	0	0	0	0	0	0	0	0	0		122		0	0	0			0	0	0	0	0	0	0	0			0		0		
Pxy_122_3_2YX	零序电压报警	0	0	xy	600	0	0	122	770	0	0	1	1	0	0	0	0	0	0				0	0	0	0	0	0	0		0	0	0	0	0	0			0		0	0	0	0	0	0	0	0	0	0		122		0	0	0			0	0	0	0	0	0	0	0			0		0		
Pxy_122_3_3YX	弹簧未储能报警	0	0	xy	600	0	0	122	771	0	0	1	1	0	0	0	0	0	0				0	0	0	0	0	0	0		0	0	0	0	0	0			0		0	0	0	0	0	0	0	0	0	0		122		0	0	0			0	0	0	0	0	0	0	0			0		0		
Pxy_122_3_4YX	母线PT断线	0	0	xy	600	0	0	122	772	0	0	1	1	0	0	0	0	0	0				0	0	0	0	0	0	0		0	0	0	0	0	0			0		0	0	0	0	0	0	0	0	0	0		122		0	0	0			0	0	0	0	0	0	0	0			0		0		
Pxy_122_3_5YX	装置闭锁	0	0	xy	600	0	0	122	773	0	0	1	1	0	0	0	0	0	0				0	0	0	0	0	0	0		0	0	0	0	0	0			0		0	0	0	0	0	0	0	0	0	0		122		0	0	0			0	0	0	0	0	0	0	0			0		0		
Pxy_122_3_6YX	定值出错	0	0	xy	600	0	0	122	774	0	0	1	1	0	0	0	0	0	0				0	0	0	0	0	0	0		0	0	0	0	0	0			0		0	0	0	0	0	0	0	0	0	0		122		0	0	0			0	0	0	0	0	0	0	0			0		0		
Pxy_122_3_7YX	RAM故障	0	0	xy	600	0	0	122	775	0	0	1	1	0	0	0	0	0	0				0	0	0	0	0	0	0		0	0	0	0	0	0			0		0	0	0	0	0	0	0	0	0	0		122		0	0	0			0	0	0	0	0	0	0	0			0		0		
Pxy_122_3_8YX	ROM故障	0	0	xy	600	0	0	122	776	0	0	1	1	0	0	0	0	0	0				0	0	0	0	0	0	0		0	0	0	0	0	0			0		0	0	0	0	0	0	0	0	0	0		122		0	0	0			0	0	0	0	0	0	0	0			0		0		
Pxy_122_3_9YX	电源故障	0	0	xy	600	0	0	122	777	0	0	1	1	0	0	0	0	0	0				0	0	0	0	0	0	0		0	0	0	0	0	0			0		0	0	0	0	0	0	0	0	0	0		122		0	0	0			0	0	0	0	0	0	0	0			0		0		
Pxy_122_4_10YX	遥信开入5	0	0	xy	600	0	0	122	10	0	0	1	1	0	0	0	0	0	0				0	0	0	0	0	0	0		0	0	0	0	0	0			0		0	0	0	0	0	0	0	0	0	0		122		0	0	0			0	0	0	0	0	0	0	0			0		0		
Pxy_122_4_11YX	遥信开入6	0	0	xy	600	0	0	122	11	0	0	1	1	0	0	0	0	0	0				0	0	0	0	0	0	0		0	0	0	0	0	0			0		0	0	0	0	0	0	0	0	0	0		122		0	0	0			0	0	0	0	0	0	0	0			0		0		
Pxy_122_4_12YX	遥信开入7	0	0	xy	600	0	0	122	12	0	0	1	1	0	0	0	0	0	0				0	0	0	0	0	0	0		0	0	0	0	0	0			0		0	0	0	0	0	0	0	0	0	0		122		0	0	0			0	0	0	0	0	0	0	0			0		0		
Pxy_122_4_13YX	遥信开入8	0	0	xy	600	0	0	122	13	0	0	1	1	0	0	0	0	0	0				0	0	0	0	0	0	0		0	0	0	0	0	0			0		0	0	0	0	0	0	0	0	0	0		122		0	0	0			0	0	0	0	0	0	0	0			0		0		
Pxy_122_4_14YX	遥信开入9	0	0	xy	600	0	0	122	14	0	0	1	1	0	0	0	0	0	0				0	0	0	0	0	0	0		0	0	0	0	0	0			0		0	0	0	0	0	0	0	0	0	0		122		0	0	0			0	0	0	0	0	0	0	0			0		0		
Pxy_122_4_15YX	遥信开入10	0	0	xy	600	0	0	122	15	0	0	1	1	0	0	0	0	0	0				0	0	0	0	0	0	0		0	0	0	0	0	0			0		0	0	0	0	0	0	0	0	0	0		122		0	0	0			0	0	0	0	0	0	0	0			0		0		
Pxy_122_4_16YX	遥信开入11	0	0	xy	600	0	0	122	16	0	0	1	1	0	0	0	0	0	0				0	0	0	0	0	0	0		0	0	0	0	0	0			0		0	0	0	0	0	0	0	0	0	0		122		0	0	0			0	0	0	0	0	0	0	0			0		0		
Pxy_122_4_17YX	遥信开入12	0	0	xy	600	0	0	122	17	0	0	1	1	0	0	0	0	0	0				0	0	0	0	0	0	0		0	0	0	0	0	0			0		0	0	0	0	0	0	0	0	0	0		122		0	0	0			0	0	0	0	0	0	0	0			0		0		
Pxy_122_4_18YX	遥信开入13	0	0	xy	600	0	0	122	18	0	0	1	1	0	0	0	0	0	0				0	0	0	0	0	0	0		0	0	0	0	0	0			0		0	0	0	0	0	0	0	0	0	0		122		0	0	0			0	0	0	0	0	0	0	0			0		0		
Pxy_122_4_19YX	遥信开入14	0	0	xy	600	0	0	122	19	0	0	1	1	0	0	0	0	0	0				0	0	0	0	0	0	0		0	0	0	0	0	0			0		0	0	0	0	0	0	0	0	0	0		122		0	0	0			0	0	0	0	0	0	0	0			0		0		
Pxy_122_4_1YX	备用开入7	0	0	xy	600	0	0	122	1	0	0	1	1	0	0	0	0	0	0				0	0	0	0	0	0	0		0	0	0	0	0	0			0		0	0	0	0	0	0	0	0	0	0		122		0	0	0			0	0	0	0	0	0	0	0			0		0		
Pxy_122_4_20YX	遥信开入15	0	0	xy	600	0	0	122	20	0	0	1	1	0	0	0	0	0	0				0	0	0	0	0	0	0		0	0	0	0	0	0			0		0	0	0	0	0	0	0	0	0	0		122		0	0	0			0	0	0	0	0	0	0	0			0		0		
Pxy_122_4_21YX	遥信开入16	0	0	xy	600	0	0	122	21	0	0	1	1	0	0	0	0	0	0				0	0	0	0	0	0	0		0	0	0	0	0	0			0		0	0	0	0	0	0	0	0	0	0		122		0	0	0			0	0	0	0	0	0	0	0			0		0		
Pxy_122_4_22YX	遥信开入17	0	0	xy	600	0	0	122	22	0	0	1	1	0	0	0	0	0	0				0	0	0	0	0	0	0		0	0	0	0	0	0			0		0	0	0	0	0	0	0	0	0	0		122		0	0	0			0	0	0	0	0	0	0	0			0		0		
Pxy_122_4_23YX	遥信开入18	0	0	xy	600	0	0	122	23	0	0	1	1	0	0	0	0	0	0				0	0	0	0	0	0	0		0	0	0	0	0	0			0		0	0	0	0	0	0	0	0	0	0		122		0	0	0			0	0	0	0	0	0	0	0			0		0		
Pxy_122_4_24YX	遥信开入19	0	0	xy	600	0	0	122	24	0	0	1	1	0	0	0	0	0	0				0	0	0	0	0	0	0		0	0	0	0	0	0			0		0	0	0	0	0	0	0	0	0	0		122		0	0	0			0	0	0	0	0	0	0	0			0		0		
Pxy_122_4_2YX	备用开入8	0	0	xy	600	0	0	122	2	0	0	1	1	0	0	0	0	0	0				0	0	0	0	0	0	0		0	0	0	0	0	0			0		0	0	0	0	0	0	0	0	0	0		122		0	0	0			0	0	0	0	0	0	0	0			0		0		
Pxy_122_4_3YX	备用开入9	0	0	xy	600	0	0	122	3	0	0	1	1	0	0	0	0	0	0				0	0	0	0	0	0	0		0	0	0	0	0	0			0		0	0	0	0	0	0	0	0	0	0		122		0	0	0			0	0	0	0	0	0	0	0			0		0		
Pxy_122_4_4YX	备用开入10	0	0	xy	600	0	0	122	4	0	0	1	1	0	0	0	0	0	0				0	0	0	0	0	0	0		0	0	0	0	0	0			0		0	0	0	0	0	0	0	0	0	0		122		0	0	0			0	0	0	0	0	0	0	0			0		0		
Pxy_122_4_5YX	备用开入11	0	0	xy	600	0	0	122	5	0	0	1	1	0	0	0	0	0	0				0	0	0	0	0	0	0		0	0	0	0	0	0			0		0	0	0	0	0	0	0	0	0	0		122		0	0	0			0	0	0	0	0	0	0	0			0		0		
Pxy_122_4_6YX	遥信开入1	0	0	xy	600	0	0	122	6	0	0	1	1	0	0	0	0	0	0				0	0	0	0	0	0	0		0	0	0	0	0	0			0		0	0	0	0	0	0	0	0	0	0		122		0	0	0			0	0	0	0	0	0	0	0			0		0		
Pxy_122_4_7YX	遥信开入2	0	0	xy	600	0	0	122	7	0	0	1	1	0	0	0	0	0	0				0	0	0	0	0	0	0		0	0	0	0	0	0			0		0	0	0	0	0	0	0	0	0	0		122		0	0	0			0	0	0	0	0	0	0	0			0		0		
Pxy_122_4_8YX	遥信开入3	0	0	xy	600	0	0	122	8	0	0	1	1	0	0	0	0	0	0				0	0	0	0	0	0	0		0	0	0	0	0	0			0		0	0	0	0	0	0	0	0	0	0		122		0	0	0			0	0	0	0	0	0	0	0			0		0		
Pxy_122_4_9YX	遥信开入4	0	0	xy	600	0	0	122	9	0	0	1	1	0	0	0	0	0	0				0	0	0	0	0	0	0		0	0	0	0	0	0			0		0	0	0	0	0	0	0	0	0	0		122		0	0	0			0	0	0	0	0	0	0	0			0		0		
rtu121comm	DF3388A通讯状态	0	0	xy	600	0	0	120	513	0	0	1	1	0	0	0	0	0	0				0	0	0	0	0	0	0		0	0	0	0	0	0			0		0	0	0	0	0	0	0	0	0	0		120		0	0	0			0	0	0	0	0	0	0	0			0		0		
rtu121fixv	DF3388A定值变化	0	0	xy	600	0	0	120	257	0	0	1	1	0	0	0	0	0	0				0	0	0	0	0	0	0		0	0	0	0	0	0			0		0	0	0	0	0	0	0	0	0	0		120		0	0	0			0	0	0	0	0	0	0	0			0		0		
rtu121run	DF3388A运行状态	0	0	xy	600	0	0	120	1	0	0	1	1	0	0	0	0	0	0				0	0	0	0	0	0	0		0	0	0	0	0	0			0		0	0	0	0	0	0	0	0	0	0		120		0	0	0			0	0	0	0	0	0	0	0			0		0		
rtu122comm	RCS9611通讯状态	0	0	xy	600	0	0	120	514	0	0	1	1	0	0	0	0	0	0				0	0	0	0	0	0	0		0	0	0	0	0	0			0		0	0	0	0	0	0	0	0	0	0		120		0	0	0			0	0	0	0	0	0	0	0			0		0		
rtu122fixv	RCS9611定值变化	0	0	xy	600	0	0	120	258	0	0	1	1	0	0	0	0	0	0				0	0	0	0	0	0	0		0	0	0	0	0	0			0		0	0	0	0	0	0	0	0	0	0		120		0	0	0			0	0	0	0	0	0	0	0			0		0		
rtu122run	RCS9611运行状态	0	0	xy	600	0	0	120	2	0	0	1	1	0	0	0	0	0	0				0	0	0	0	0	0	0		0	0	0	0	0	0			0		0	0	0	0	0	0	0	0	0	0		120		0	0	0			0	0	0	0	0	0	0	0			0		0		
